# rig3d player draw baseline -- what game/render/player_renderer_3d.lua
# hands the GPU, captured at renderer.beginPass / renderer.draw.
# Generated by `love . --rig3d-player-draw write`; see
# spec/support/rig3d_player_draw.lua for what each scenario pins.
version 1
clock 12.5
scenario idle_home
palette 0 0.74 0.55 0.4 1
palette 1 0.7 0.15 0.16 1
palette 2 0.66 0.69 0.74 1
palette 3 0.44 0.47 0.53 1
palette 4 0.78 0.56 0.22 1
palette 5 0.3 0.2 0.13 1
palette 6 0.94 0.78 0.32 1
palette 7 0.34 0.3 0.28 1
palette 8 0.74 0.55 0.4 1
palette 9 0 0 0 1
palette 10 0.12 0.11 0.13 1
palette 11 0.97 0.97 0.98 1
model 1 0 0 0 0 1 0 0 -0 0 1 0 0 0 0 1
bone 0 1 0 0 0.0124275595
bone 1 0 1 0 0.00994204763
bone 2 0 0 1 0
bone 3 0.999696254 -0.0246454762 0 0.0124275595
bone 4 0.0246454762 0.999696254 0 0.809942048
bone 5 0 0 1 0
bone 6 0.999696254 -0.0246382972 -0.000594818818 0.0102094667
bone 7 0.0246454762 0.999405051 0.0241276792 0.89991471
bone 8 0 -0.0241350102 0.999708708 0
bone 9 0.999696254 -0.0245947095 -0.00158106368 0.00552819022
bone 10 0.0246454762 0.997637 0.0641328018 1.08980167
bone 11 0 -0.0641522878 0.99794012 -0.00458565193
bone 12 0.999696254 -0.0245947095 -0.00158106368 0.00306871927
bone 13 0.0246454762 0.997637 0.0641328018 1.18956537
bone 14 0 -0.0641522878 0.99794012 -0.0110008807
bone 15 0.998784313 -0.0261514399 0.0417851348 0.0018389838
bone 16 0.0220226501 0.995100525 0.0963843764 1.23944722
bone 17 -0.0441009998 -0.0953469838 0.994466719 -0.0142084951
bone 18 0.999696254 -0.0245947095 -0.00158106368 -0.0831351978
bone 19 0.0246454762 0.997637 0.0641328018 1.23735235
bone 20 0 -0.0641522878 0.99794012 -0.0142084951
bone 21 0.999951311 -0.00588800516 -0.00791872516 -0.237438817
bone 22 0.00811973917 0.946973918 0.321207828 1.20719469
bone 23 0.00560755284 -0.321256487 0.94697562 -0.0125148747
bone 24 0.999951311 0.00499960336 -0.00850757188 -0.236025696
bone 25 0.00811973917 0.0730492819 0.997295278 0.979920949
bone 26 0.00560755284 -0.997315801 0.0730051297 0.0645866822
bone 27 0.989035829 0.00499960336 -0.147591102 -0.237075612
bone 28 0.146837395 0.0730492819 0.98645962 0.9645806
bone 29 0.0157133308 -0.997315801 0.0715142283 0.274023
bone 30 0.989035829 -0.0887502134 0.118031898 -0.238236117
bone 31 0.146837395 0.505971525 -0.849959761 0.965853364
bone 32 0.0157133308 0.857972153 0.513455817 0.335174315
bone 33 0.999696254 -0.0245947095 -0.00158106368 0.0868131654
bone 34 0.0246454762 0.997637 0.0641328018 1.24154209
bone 35 0 -0.0641522878 0.99794012 -0.0142084951
bone 36 0.884639638 -0.466251221 -0.00474440818 0.242415385
bone 37 0.455088858 0.861155943 0.226505126 1.21902452
bone 38 -0.101522616 -0.20253454 0.973998418 -0.0125148747
bone 39 0.884639638 -0.436510149 -0.163925595 0.354315678
bone 40 0.455088858 0.73175257 0.507377875 1.01234709
bone 41 -0.101522616 -0.523447291 0.845988234 0.0360934149
bone 42 0.884639638 -0.436510149 -0.163925595 0.445982809
bone 43 0.455088858 0.73175257 0.507377875 0.858679052
bone 44 -0.101522616 -0.523447291 0.845988234 0.146017346
bone 45 0.884639638 0.263544322 0.384651922 0.471615509
bone 46 0.455088858 -0.30839662 -0.835335654 0.817058112
bone 47 -0.101522616 0.914021835 -0.392755959 0.182802018
bone 48 0.999947381 0.0102584333 0 -0.0915547281
bone 49 -0.0102584333 0.999947381 0 0.767366422
bone 50 0 0 1 0
bone 51 0.999947381 0.0102584333 0 -0.0952477641
bone 52 -0.0102584333 0.999947381 0 0.407385365
bone 53 0 0 1 0
bone 54 0.999947381 0.0102584333 0 -0.0983252941
bone 55 -0.0102584333 0.999947381 0 0.107401151
bone 56 0 0 1 0
bone 57 0.999947381 0.0102584333 0 -0.0987438382
bone 58 -0.0102584333 0.999947381 0 0.0666032979
bone 59 0 0 1 0.096
bone 60 0.998227151 -0.059519359 0 0.118381485
bone 61 0.059519359 0.998227151 0 0.772541972
bone 62 0 0 1 0
bone 63 0.998227151 -0.059519359 0 0.139808454
bone 64 0.059519359 0.998227151 0 0.413180198
bone 65 0 0 1 0
bone 66 0.998227151 -0.059519359 0 0.157664262
bone 67 0.059519359 0.998227151 0 0.113712053
bone 68 0 0 1 0
bone 69 0.998227151 -0.059519359 0 0.160092652
bone 70 0.059519359 0.998227151 0 0.0729843847
bone 71 0 0 1 0.096
bone 72 0.884639638 -0.303334936 0.35411951 0.48951983
bone 73 0.455088858 0.727053364 -0.514089036 0.956648612
bone 74 -0.101522616 0.615939383 0.781224574 0.126311687
bone 75 0.999696254 -0.0245947095 -0.00158106368 0.00351525165
bone 76 0.0246454762 0.997637 0.0641328018 1.17145264
bone 77 0 -0.0641522878 0.99794012 0.258967548
scenario idle_away
palette 0 0.74 0.55 0.4 1
palette 1 0.14 0.34 0.74 1
palette 2 0.66 0.69 0.74 1
palette 3 0.44 0.47 0.53 1
palette 4 0.78 0.56 0.22 1
palette 5 0.3 0.2 0.13 1
palette 6 0.72 0.88 1 1
palette 7 0.34 0.3 0.28 1
palette 8 0.74 0.55 0.4 1
palette 9 0 0 0 1
palette 10 0.12 0.11 0.13 1
palette 11 0.97 0.97 0.98 1
model 1 0 0 0 0 1 0 0 -0 0 1 0 0 0 0 1
bone 0 1 0 0 0.0124275595
bone 1 0 1 0 0.00994204763
bone 2 0 0 1 0
bone 3 0.999696254 -0.0246454762 0 0.0124275595
bone 4 0.0246454762 0.999696254 0 0.809942048
bone 5 0 0 1 0
bone 6 0.999696254 -0.0246382972 -0.000594818818 0.0102094667
bone 7 0.0246454762 0.999405051 0.0241276792 0.89991471
bone 8 0 -0.0241350102 0.999708708 0
bone 9 0.999696254 -0.0245947095 -0.00158106368 0.00552819022
bone 10 0.0246454762 0.997637 0.0641328018 1.08980167
bone 11 0 -0.0641522878 0.99794012 -0.00458565193
bone 12 0.999696254 -0.0245947095 -0.00158106368 0.00306871927
bone 13 0.0246454762 0.997637 0.0641328018 1.18956537
bone 14 0 -0.0641522878 0.99794012 -0.0110008807
bone 15 0.998784313 -0.0261514399 0.0417851348 0.0018389838
bone 16 0.0220226501 0.995100525 0.0963843764 1.23944722
bone 17 -0.0441009998 -0.0953469838 0.994466719 -0.0142084951
bone 18 0.999696254 -0.0245947095 -0.00158106368 -0.0831351978
bone 19 0.0246454762 0.997637 0.0641328018 1.23735235
bone 20 0 -0.0641522878 0.99794012 -0.0142084951
bone 21 0.999951311 -0.00588800516 -0.00791872516 -0.237438817
bone 22 0.00811973917 0.946973918 0.321207828 1.20719469
bone 23 0.00560755284 -0.321256487 0.94697562 -0.0125148747
bone 24 0.999951311 0.00499960336 -0.00850757188 -0.236025696
bone 25 0.00811973917 0.0730492819 0.997295278 0.979920949
bone 26 0.00560755284 -0.997315801 0.0730051297 0.0645866822
bone 27 0.989035829 0.00499960336 -0.147591102 -0.237075612
bone 28 0.146837395 0.0730492819 0.98645962 0.9645806
bone 29 0.0157133308 -0.997315801 0.0715142283 0.274023
bone 30 0.989035829 -0.0887502134 0.118031898 -0.238236117
bone 31 0.146837395 0.505971525 -0.849959761 0.965853364
bone 32 0.0157133308 0.857972153 0.513455817 0.335174315
bone 33 0.999696254 -0.0245947095 -0.00158106368 0.0868131654
bone 34 0.0246454762 0.997637 0.0641328018 1.24154209
bone 35 0 -0.0641522878 0.99794012 -0.0142084951
bone 36 0.884639638 -0.466251221 -0.00474440818 0.242415385
bone 37 0.455088858 0.861155943 0.226505126 1.21902452
bone 38 -0.101522616 -0.20253454 0.973998418 -0.0125148747
bone 39 0.884639638 -0.436510149 -0.163925595 0.354315678
bone 40 0.455088858 0.73175257 0.507377875 1.01234709
bone 41 -0.101522616 -0.523447291 0.845988234 0.0360934149
bone 42 0.884639638 -0.436510149 -0.163925595 0.445982809
bone 43 0.455088858 0.73175257 0.507377875 0.858679052
bone 44 -0.101522616 -0.523447291 0.845988234 0.146017346
bone 45 0.884639638 0.263544322 0.384651922 0.471615509
bone 46 0.455088858 -0.30839662 -0.835335654 0.817058112
bone 47 -0.101522616 0.914021835 -0.392755959 0.182802018
bone 48 0.999947381 0.0102584333 0 -0.0915547281
bone 49 -0.0102584333 0.999947381 0 0.767366422
bone 50 0 0 1 0
bone 51 0.999947381 0.0102584333 0 -0.0952477641
bone 52 -0.0102584333 0.999947381 0 0.407385365
bone 53 0 0 1 0
bone 54 0.999947381 0.0102584333 0 -0.0983252941
bone 55 -0.0102584333 0.999947381 0 0.107401151
bone 56 0 0 1 0
bone 57 0.999947381 0.0102584333 0 -0.0987438382
bone 58 -0.0102584333 0.999947381 0 0.0666032979
bone 59 0 0 1 0.096
bone 60 0.998227151 -0.059519359 0 0.118381485
bone 61 0.059519359 0.998227151 0 0.772541972
bone 62 0 0 1 0
bone 63 0.998227151 -0.059519359 0 0.139808454
bone 64 0.059519359 0.998227151 0 0.413180198
bone 65 0 0 1 0
bone 66 0.998227151 -0.059519359 0 0.157664262
bone 67 0.059519359 0.998227151 0 0.113712053
bone 68 0 0 1 0
bone 69 0.998227151 -0.059519359 0 0.160092652
bone 70 0.059519359 0.998227151 0 0.0729843847
bone 71 0 0 1 0.096
bone 72 0.884639638 -0.303334936 0.35411951 0.48951983
bone 73 0.455088858 0.727053364 -0.514089036 0.956648612
bone 74 -0.101522616 0.615939383 0.781224574 0.126311687
bone 75 0.999696254 -0.0245947095 -0.00158106368 0.00351525165
bone 76 0.0246454762 0.997637 0.0641328018 1.17145264
bone 77 0 -0.0641522878 0.99794012 0.258967548
scenario walk_home
palette 0 0.74 0.55 0.4 1
palette 1 0.7 0.15 0.16 1
palette 2 0.66 0.69 0.74 1
palette 3 0.44 0.47 0.53 1
palette 4 0.78 0.56 0.22 1
palette 5 0.3 0.2 0.13 1
palette 6 0.94 0.78 0.32 1
palette 7 0.34 0.3 0.28 1
palette 8 0.74 0.55 0.4 1
palette 9 0 0 0 1
palette 10 0.12 0.11 0.13 1
palette 11 0.97 0.97 0.98 1
model -0.8 0 0.6 0 0 1 0 0 -0.6 0 -0.8 0 0 0 0 1
bone 0 1 0 0 0.00911354366
bone 1 0 1 0 0.0117681398
bone 2 0 0 1 0
bone 3 0.999846297 -0.0137043918 0.0109349406 0.00911354366
bone 4 0.013702304 0.999906084 0.000265830301 0.81176814
bone 5 -0.0109375567 -0.000115955561 0.999940176 0
bone 6 0.999846297 -0.0138957918 0.0106906619 0.0078801484
bone 7 0.013702304 0.999744739 0.0179639817 0.901759687
bone 8 -0.0109375567 -0.0178147339 0.999781479 -1.04360005e-05
bone 9 0.999898199 -0.0142610206 -0.000463064562 0.00523994795
bone 10 0.0142685324 0.999346157 0.0332214958 1.09171119
bone 11 -1.10106464e-05 -0.033224721 0.999447906 -0.00339523543
bone 12 0.999898199 -0.0142610206 -0.000463064562 0.00381384588
bone 13 0.0142685324 0.999346157 0.0332214958 1.1916458
bone 14 -1.10106464e-05 -0.033224721 0.999447906 -0.00671770754
bone 15 0.999383758 -0.0152985291 0.0315920808 0.00310079485
bone 16 0.0134921497 0.998304608 0.0566204194 1.24161311
bone 17 -0.0324047289 -0.0561592824 0.99789582 -0.00837894359
bone 18 0.999898199 -0.0142610206 -0.000463064562 -0.0818905521
bone 19 0.0142685324 0.999346157 0.0332214958 1.24040029
bone 20 -1.10106464e-05 -0.033224721 0.999447906 -0.00837800768
bone 21 0.999223441 0.0387854236 -0.00694299827 -0.236498282
bone 22 -0.0353023202 0.959512393 0.279445367 1.21180592
bone 23 0.0175002998 -0.278983258 0.960136491 -0.0074991684
bone 24 0.999223441 0.0270105847 0.0286869765 -0.245806784
bone 25 -0.0353023202 0.290345243 0.956270561 0.98152295
bone 26 0.0175002998 -0.956540678 0.29107331 0.0594568135
bone 27 0.993491523 0.0270105847 -0.110657228 -0.251479006
bone 28 0.0981283789 0.290345243 0.951877335 0.920550449
bone 29 0.0578395632 -0.956540678 0.285805033 0.260330356
bone 30 0.993491523 -0.0855961542 0.0751524597 -0.253765763
bone 31 0.0981283789 0.30813751 -0.946267455 0.908389313
bone 32 0.0578395632 0.947483284 0.314531416 0.320241352
bone 33 0.999898199 -0.0142610206 -0.000463064562 0.0880921418
bone 34 0.0142685324 0.999346157 0.0332214958 1.24282594
bone 35 -1.10106464e-05 -0.033224721 0.999447906 -0.00837987949
bone 36 0.922270526 -0.386441318 0.00895462778 0.243452854
bone 37 0.381573877 0.913868633 0.138728146 1.21865482
bone 38 -0.0617936409 -0.124528028 0.990290016 -0.00750445351
bone 39 0.922270526 -0.36252565 -0.13413512 0.33619877
bone 40 0.381573877 0.798364413 0.465849375 0.999326348
bone 41 -0.0617936409 -0.480821606 0.874638285 0.0223822731
bone 42 0.922270526 -0.36252565 -0.13413512 0.412329156
bone 43 0.381573877 0.798364413 0.465849375 0.831669822
bone 44 -0.0617936409 -0.480821606 0.874638285 0.12335481
bone 45 0.922270526 0.220026883 0.317813229 0.433628985
bone 46 0.381573877 -0.386781617 -0.839524483 0.785751355
bone 47 -0.0617936409 0.895537912 -0.440673796 0.157709748
bone 48 0.999433927 0.0312016184 0.0125810815 -0.0953221418
bone 49 -0.0303556212 0.997576944 -0.0626001379 0.770333154
bone 50 -0.0145038225 0.0621827951 0.997959388 0.00115308168
bone 51 0.999433927 0.0322564983 0.00955734889 -0.106554724
bone 52 -0.0303556212 0.987105117 -0.157168779 0.411205455
bone 53 -0.0145038225 0.156789691 0.98752551 -0.0212327246
bone 54 0.999433927 0.0317407396 0.0111512353 -0.116231674
bone 55 -0.0303556212 0.993705197 -0.107835608 0.11507392
bone 56 -0.0145038225 0.107436062 0.994106197 -0.0682696319
bone 57 0.999433927 0.0308092902 0.0135134097 -0.116456178
bone 58 -0.0303556212 0.999007993 -0.0325816719 0.0641785294
bone 59 -0.0145038225 0.0321530204 0.999377718 0.0227811717
bone 60 0.998216726 -0.0587037776 0.0108275122 0.11464558
bone 61 0.0576274683 0.994987786 0.0817213621 0.773210638
bone 62 -0.015570595 -0.0809516684 0.9965964 -0.00114380523
bone 63 0.998216726 -0.0556934029 0.0214851904 0.13577894
bone 64 0.0576274683 0.992960344 -0.103483477 0.415015035
bone 65 -0.015570595 0.104537075 0.994399093 0.0279987954
bone 66 0.998216726 -0.0560627123 0.0205022151 0.152486961
bone 67 0.0576274683 0.994626998 -0.0860012189 0.117126932
bone 68 -0.015570595 0.0870293459 0.996084057 -0.00336232703
bone 69 0.998216726 -0.0572693084 0.0168402746 0.156742533
bone 70 0.0576274683 0.998104183 -0.0216128593 0.0682900337
bone 71 -0.015570595 0.02254478 0.999624574 0.0887109452
bone 72 0.922270526 -0.250036858 0.294785765 0.464501163
bone 73 0.381573877 0.710811931 -0.590887278 0.926504215
bone 74 -0.0617936409 0.657440468 0.750968426 0.110457542
bone 75 0.999898199 -0.0142610206 -0.000463064562 0.00419446895
bone 76 0.0142685324 0.999346157 0.0332214958 1.16518062
bone 77 -1.10106464e-05 -0.033224721 0.999447906 0.262560349
scenario sprint_away
palette 0 0.74 0.55 0.4 1
palette 1 0.14 0.34 0.74 1
palette 2 0.66 0.69 0.74 1
palette 3 0.44 0.47 0.53 1
palette 4 0.78 0.56 0.22 1
palette 5 0.3 0.2 0.13 1
palette 6 0.72 0.88 1 1
palette 7 0.34 0.3 0.28 1
palette 8 0.74 0.55 0.4 1
palette 9 0 0 0 1
palette 10 0.12 0.11 0.13 1
palette 11 0.97 0.97 0.98 1
model 6.123234e-17 0 -1 0 0 1 0 0 1 0 6.123234e-17 0 0 0 0 1
bone 0 1 0 0 0
bone 1 0 1 0 0.0387054694
bone 2 0 0 1 0
bone 3 0.999484529 -0.0126241731 -0.0295178872 0
bone 4 0.0126469873 0.999919852 0.000586320134 0.838705469
bone 5 0.0295081196 -0.000959330249 0.99956408 0
bone 6 0.999484529 -0.0177997674 -0.0267178534 -0.00113617557
bone 7 0.0126469873 0.983230022 -0.181930692 0.928698256
bone 8 0.0295081196 0.181499011 0.98294831 -8.63397224e-05
bone 9 0.999837653 -0.0175611519 0.00403394255 -0.00451813139
bone 10 0.0180121673 0.968175654 -0.249622644 1.11551196
bone 11 0.000478096198 0.249654778 0.968334789 0.0343984725
bone 12 0.999837653 -0.0175611519 0.00403394255 -0.00627424658
bone 13 0.0180121673 0.968175654 -0.249622644 1.21232953
bone 14 0.000478096198 0.249654778 0.968334789 0.0593639503
bone 15 0.999837653 -0.0175611519 0.00403394255 -0.00715230417
bone 16 0.0180121673 0.968175654 -0.249622644 1.26073831
bone 17 0.000478096198 0.249654778 0.968334789 0.0718466892
bone 18 0.999837653 -0.0175611519 0.00403394255 -0.0921385047
bone 19 0.0180121673 0.968175654 -0.249622644 1.25920727
bone 20 0.000478096198 0.249654778 0.968334789 0.071806051
bone 21 0.977264211 0.211290825 -0.0176309483 -0.246649727
bone 22 -0.210488973 0.956831828 -0.200417676 1.23085555
bone 23 -0.0254765634 0.199572142 0.97955189 0.06514106
bone 24 0.977264211 0.0555427657 0.204620781 -0.297359524
bone 25 -0.210488973 0.370114369 0.90482581 1.00121591
bone 26 -0.0254765634 -0.927324299 0.373390667 0.0172437459
bone 27 0.996231251 0.0555427657 0.0666205351 -0.309023505
bone 28 -0.0825130946 0.370114369 0.92531451 0.923491895
bone 29 0.0267373097 -0.927324299 0.373302507 0.211981849
bone 30 0.996231251 -0.00728600093 -0.0864303691 -0.312019661
bone 31 -0.0825130946 0.227558657 -0.970262154 0.906318754
bone 32 0.0267373097 0.973737116 0.226099855 0.270621053
bone 33 0.999837653 -0.0175611519 0.00403394255 0.0778338964
bone 34 0.0180121673 0.968175654 -0.249622644 1.26226934
bone 35 0.000478096198 0.249654778 0.968334789 0.0718873274
bone 36 0.994587566 -0.100905359 0.02477261 0.233272347
bone 37 0.103451041 0.983898466 -0.145745296 1.23950139
bone 38 -0.00966725152 0.147519211 0.989011945 0.0653705461
bone 39 0.994587566 -0.0386871007 -0.0964307107 0.257489633
bone 40 0.103451041 0.282369353 0.953711398 1.00336576
bone 41 -0.00966725152 -0.958525355 0.284843268 0.0299659354
bone 42 0.994587566 -0.0386871007 -0.0964307107 0.265613924
bone 43 0.103451041 0.282369353 0.953711398 0.944068196
bone 44 -0.00966725152 -0.958525355 0.284843268 0.23125626
bone 45 0.994587566 -0.0236197658 0.101181423 0.267410671
bone 46 0.103451041 0.315722952 -0.943195048 0.932403428
bone 47 -0.00966725152 0.948557391 0.316457612 0.291282545
bone 48 0.996906179 0.0717749038 -0.0320380128 -0.104440909
bone 49 -0.0496057295 0.890696969 0.451882928 0.797380742
bone 50 0.0609700146 -0.448895614 0.891501758 -0.00305997934
bone 51 0.996906179 -0.036765126 -0.069472272 -0.130279874
bone 52 -0.0496057295 0.391320673 -0.918916428 0.476729833
bone 53 0.0609700146 0.919519688 0.388286236 0.158542442
bone 54 0.996906179 -0.0237943361 -0.07491262 -0.119250336
bone 55 -0.0496057295 0.548834716 -0.834457744 0.359333631
bone 56 0.0609700146 0.835592176 0.545956384 -0.117313465
bone 57 0.996906179 -0.000235016152 -0.0786003552 -0.125471139
bone 58 -0.0496057295 0.773808308 -0.631474445 0.256833231
bone 59 0.0609700146 0.633419804 0.771402625 -0.0989938126
bone 60 0.995596248 -0.0905077795 -0.0244223705 0.105450843
bone 61 0.0792177472 0.951564577 -0.297068011 0.800036609
bone 62 0.0501264288 0.293825113 0.954543946 0.00313672576
bone 63 0.995596248 -0.0815653639 0.0462082433 0.138033643
bone 64 0.0792177472 0.468441507 -0.879935852 0.457473361
bone 65 0.0501264288 0.879721346 0.472840032 -0.102640315
bone 66 0.995596248 -0.0900458843 0.0260739155 0.162503252
bone 67 0.0792177472 0.659393957 -0.747612305 0.316940909
bone 68 0.0501264288 0.746385523 0.663623382 -0.366556718
bone 69 0.995596248 -0.0937333793 0.00147103573 0.16868022
bone 70 0.0792177472 0.832819538 -0.547846845 0.218266854
bone 71 0.0501264288 0.545550795 0.836577355 -0.333301403
bone 72 0.994587566 -0.103846995 0.00337273755 0.345318484
bone 73 0.103451041 0.99277157 0.0608481119 0.995362274
bone 74 -0.00966725152 -0.0601698623 0.998141339 0.17742392
bone 75 0.999837653 -0.0175611519 0.00403394255 -0.00457047671
bone 76 0.0180121673 0.968175654 -0.249622644 1.11109483
bone 77 0.000478096198 0.249654778 0.968334789 0.310281978
scenario guard_home
palette 0 0.74 0.55 0.4 1
palette 1 0.7 0.15 0.16 1
palette 2 0.66 0.69 0.74 1
palette 3 0.44 0.47 0.53 1
palette 4 0.78 0.56 0.22 1
palette 5 0.3 0.2 0.13 1
palette 6 0.94 0.78 0.32 1
palette 7 0.34 0.3 0.28 1
palette 8 0.74 0.55 0.4 1
palette 9 0 0 0 1
palette 10 0.12 0.11 0.13 1
palette 11 0.97 0.97 0.98 1
model 1 0 0 0 0 1 0 0 -0 0 1 0 0 0 0 1
bone 0 1 0 0 0.0107705516
bone 1 0 1 0 0.0125506411
bone 2 0 0 1 0
bone 3 0.999764663 -0.0216790329 -0.000798318061 0.0107705516
bone 4 0.021679044 0.999764982 5.27929227e-06 0.812550641
bone 5 0.000798015991 -2.25848223e-05 0.999999681 0
bone 6 0.999764663 -0.0216790329 -0.000798318061 0.00881943863
bone 7 0.021679044 0.999764982 5.27929227e-06 0.902529489
bone 8 0.000798015991 -2.25848223e-05 0.999999681 -2.032634e-06
bone 9 0.999421405 -0.0224659918 -0.0255369087 0.00470042238
bone 10 0.0214084769 0.998931557 -0.0409563329 1.09248484
bone 11 0.0264297486 0.0403859295 0.998834543 -6.32375023e-06
bone 12 0.999421405 -0.0224659918 -0.0255369087 0.0024538232
bone 13 0.0214084769 0.998931557 -0.0409563329 1.19237799
bone 14 0.0264297486 0.0403859295 0.998834543 0.0040322692
bone 15 0.999421405 -0.0224659918 -0.0255369087 0.00133052361
bone 16 0.0214084769 0.998931557 -0.0409563329 1.24232457
bone 17 0.0264297486 0.0403859295 0.998834543 0.00605156568
bone 18 0.999421405 -0.0224659918 -0.0255369087 -0.0836202958
bone 19 0.0214084769 0.998931557 -0.0409563329 1.24050485
bone 20 0.0264297486 0.0403859295 0.998834543 0.00380503704
bone 21 0.999282859 0.0214124236 -0.0312294167 -0.237937511
bone 22 -0.0122021903 0.962857266 0.26973504 1.21081474
bone 23 0.0358451517 -0.269160535 0.96242804 -0.00135776253
bone 24 0.999282859 0.036317743 0.0107140045 -0.243076493
bone 25 -0.0122021903 0.0410059908 0.999084388 0.979728998
bone 26 0.0358451517 -0.998498638 0.0414197398 0.0632407658
bone 27 0.991049008 0.036317743 -0.128463558 -0.250703219
bone 28 0.126962233 0.0410059908 0.991059585 0.97111774
bone 29 0.0412608228 -0.998498638 0.0360279648 0.27292548
bone 30 0.991049008 -0.103433423 0.0844001842 -0.253660058
bone 31 0.126962233 0.534858283 -0.835348555 0.974368621
bone 32 0.0412608228 0.838586992 0.54320291 0.333943009
bone 33 0.999421405 -0.0224659918 -0.0255369087 0.0862813431
bone 34 0.0214084769 0.998931557 -0.0409563329 1.24414429
bone 35 0.0264297486 0.0403859295 0.998834543 0.00829809431
bone 36 0.890968276 -0.45309648 -0.0296498083 0.241784763
bone 37 0.45130822 0.876482558 0.16762821 1.22109081
bone 38 -0.0499642122 -0.16273262 0.985404319 0.0113285168
bone 39 0.890968276 -0.21496009 -0.399959612 0.350527918
bone 40 0.45130822 0.322308208 0.832128782 1.010735
bone 41 -0.0499642122 -0.921905407 0.384179643 0.0503843455
bone 42 0.890968276 -0.21496009 -0.399959612 0.395669537
bone 43 0.45130822 0.322308208 0.832128782 0.943050273
bone 44 -0.0499642122 -0.921905407 0.384179643 0.243984481
bone 45 0.890968276 -0.0533224119 0.450923776 0.406440841
bone 46 0.45130822 0.213270034 -0.866508386 0.928248051
bone 47 -0.0499642122 0.975537089 0.214081678 0.302356762
bone 48 0.999840175 0.0178718026 -0.000472468124 -0.0933375767
bone 49 -0.0178752831 0.999801121 -0.00884262553 0.770283742
bone 50 0.000314340502 0.00884965775 0.999960792 -8.28882862e-05
bone 51 0.999840175 0.0178525649 -0.000954192537 -0.0997714257
bone 52 -0.0178752831 0.999199165 -0.035798099 0.410355339
bone 53 0.000314340502 0.035809434 0.999358587 -0.00326876508
bone 54 0.999840175 0.0178622885 -0.00075047093 -0.105127195
bone 55 -0.0178752831 0.999542525 -0.0243970478 0.110595589
bone 56 0.000314340502 0.0244065634 0.999702066 -0.0140115953
bone 57 0.999840175 0.0178695866 -0.000549935834 -0.105928022
bone 58 -0.0178752831 0.999753396 -0.013176562 0.0674721376
bone 59 0.000314340502 0.0131842863 0.999913034 0.0809640153
bone 60 0.998126289 -0.0611806269 -0.000917164422 0.116613003
bone 61 0.0611871868 0.997960969 0.0181667933 0.774836341
bone 62 -0.000196161509 -0.0181888727 0.99983455 8.4695072e-05
bone 63 0.998126289 -0.0605757847 0.00863044656 0.138638028
bone 64 0.0611871868 0.988594725 -0.137610309 0.415570393
bone 65 -0.000196161509 0.13788054 0.990448847 0.00663268925
bone 66 0.998126289 -0.0608550692 0.00636952593 0.156810764
bone 67 0.0611871868 0.993032092 -0.100714406 0.118991975
bone 68 -0.000196161509 0.10091543 0.994894988 -0.0347314726
bone 69 0.998126289 -0.0610223531 0.00449251929 0.159905125
bone 70 0.0611871868 0.995662566 -0.070086969 0.0688076826
bone 71 -0.000196161509 0.070230531 0.997530768 0.0566610967
bone 72 0.890968276 -0.449359777 0.0652021664 0.447589498
bone 73 0.45130822 0.892181176 -0.0182658389 1.02331416
bone 74 -0.0499642122 0.0457005566 0.997704885 0.191602739
bone 75 0.999421405 -0.0224659918 -0.0255369087 -0.00360115645
bone 76 0.0214084769 0.998931557 -0.0409563329 1.14602928
bone 77 0.0264297486 0.0403859295 0.998834543 0.270539974
scenario charge_away
palette 0 0.74 0.55 0.4 1
palette 1 0.14 0.34 0.74 1
palette 2 0.66 0.69 0.74 1
palette 3 0.44 0.47 0.53 1
palette 4 0.78 0.56 0.22 1
palette 5 0.3 0.2 0.13 1
palette 6 0.72 0.88 1 1
palette 7 0.34 0.3 0.28 1
palette 8 0.74 0.55 0.4 1
palette 9 0 0 0 1
palette 10 0.12 0.11 0.13 1
palette 11 0.97 0.97 0.98 1
model 1 0 0 0 0 1 0 0 -0 0 1 0 0 0 0 1
bone 0 1 0 0 0.00248551191
bone 1 0 1 0 0.00462418553
bone 2 0 0 1 0
bone 3 0.997843196 0.0200249849 0.0625136513 0.00248551191
bone 4 -0.0200932482 0.999798003 0.000463437255 0.804624186
bone 5 -0.0624917434 -0.00171854002 0.998044001 0
bone 6 0.997843196 0.0392093166 0.0526458555 0.00428776055
bone 7 -0.0200932482 0.945953967 -0.323677855 0.894606006
bone 8 -0.0624917434 0.321921919 0.944701572 -0.000154668602
bone 9 0.987771658 0.069680655 0.139469561 0.0117375307
bone 10 0.0118561404 0.858403565 -0.512837939 1.07433726
bone 11 -0.155456052 0.508220352 0.847080569 0.061010496
bone 12 0.987771658 0.069680655 0.139469561 0.0187055962
bone 13 0.0118561404 0.858403565 -0.512837939 1.16017762
bone 14 -0.155456052 0.508220352 0.847080569 0.111832531
bone 15 0.994805367 0.0403593082 0.0934527035 0.022189629
bone 16 -0.0220288438 0.981644344 -0.18944422 1.20309779
bone 17 -0.0993831554 0.186401472 0.977434131 0.137243549
bone 18 0.987771658 0.069680655 0.139469561 -0.0617709619
bone 19 0.0118561404 0.858403565 -0.512837939 1.20209002
bone 20 -0.155456052 0.508220352 0.847080569 0.150457313
bone 21 0.987678385 -0.0916443145 0.126857118 -0.216715138
bone 22 0.0126740784 0.854780639 0.518834682 1.17759047
bone 23 -0.155983257 -0.510834003 0.845409868 0.161135984
bone 24 0.987678385 -0.137835253 0.0741137766 -0.194720503
bone 25 0.0126740784 0.542472593 0.839977889 0.972443113
bone 26 -0.155983257 -0.828688681 0.537535389 0.283736145
bone 27 0.990014778 -0.137835253 -0.0295327302 -0.1657751
bone 28 0.100406246 0.542472593 0.8340516 0.858523869
bone 29 -0.0989410163 -0.828688681 0.550895404 0.457760768
bone 30 0.990014778 0.0959687508 0.103250849 -0.157552223
bone 31 0.100406246 0.0340248115 -0.99436457 0.830324787
bone 32 -0.0989410163 0.994802649 0.0240492042 0.511423102
bone 33 0.987771658 0.069680655 0.139469561 0.10615022
bone 34 0.0118561404 0.858403565 -0.512837939 1.20410557
bone 35 -0.155456052 0.508220352 0.847080569 0.124029784
bone 36 0.833064405 -0.530849043 0.155573103 0.257415258
bone 37 0.53906907 0.842161615 -0.0129750351 1.18328141
bone 38 -0.124129911 0.0946736881 0.987739165 0.086517079
bone 39 0.833064405 -0.326880242 -0.446265621 0.384819028
bone 40 0.53906907 0.298689932 0.787520706 0.981162626
bone 41 -0.124129911 -0.896623462 0.425038978 0.0637953939
bone 42 0.833064405 -0.326880242 -0.446265621 0.453463879
bone 43 0.53906907 0.298689932 0.787520706 0.918437741
bone 44 -0.124129911 -0.896623462 0.425038978 0.252086321
bone 45 0.833064405 0.0117971739 0.5530502 0.470782545
bone 46 0.53906907 0.207030852 -0.816420703 0.904815144
bone 47 -0.124129911 0.978263284 0.166110542 0.309155916
bone 48 0.993593904 0.0980738882 0.0561486114 -0.103089023
bone 49 -0.0805120676 0.962974817 -0.257288375 0.766742056
bone 50 -0.0793029701 0.25111952 0.96470204 0.00663037465
bone 51 0.993593904 0.11290507 0.00485790329 -0.138395623
bone 52 -0.0805120676 0.737383161 -0.670659288 0.420071122
bone 53 -0.0793029701 0.665971861 0.741749634 -0.0837726527
bone 54 0.993593904 0.109023045 0.0297511299 -0.172267144
bone 55 -0.0805120676 0.867642271 -0.490626841 0.198856174
bone 56 -0.0793029701 0.485088513 0.870861742 -0.283564211
bone 57 0.993593904 0.0893359964 0.0692115153 -0.173859176
bone 58 -0.0805120676 0.989356777 -0.121206332 0.116356193
bone 59 -0.0793029701 0.11485751 0.990211488 -0.219753095
bone 60 0.995771206 -0.0631241424 0.0667461391 0.106458048
bone 61 0.0392930089 0.949381255 0.311658936 0.762522474
bone 62 -0.0830407363 -0.307718338 0.947846855 -0.00649289145
bone 63 0.995771206 -0.056689897 0.0722908018 0.129182739
bone 64 0.0392930089 0.974107374 0.222645197 0.420745223
bone 65 -0.0830407363 -0.218863153 0.972215592 0.10428571
bone 66 0.995771206 -0.0479112118 0.0783850765 0.146189708
bone 67 0.0392930089 0.993372361 0.108015799 0.12851301
bone 68 -0.0830407363 -0.104479037 0.99105417 0.169944656
bone 69 0.995771206 -0.0629300305 0.0669291842 0.155669453
bone 70 0.0392930089 0.950282378 0.308900406 0.0983529348
bone 71 -0.0830407363 -0.304964281 0.948736541 0.269348601
bone 72 0.833064405 -0.531152138 0.15453512 0.492205925
bone 73 0.53906907 0.842185369 -0.0113287801 1.00352677
bone 74 -0.124129911 0.0927427068 0.987922343 0.196044097
bone 75 0.987771658 0.069680655 0.139469561 0.0536516107
bone 76 0.0118561404 0.858403565 -0.512837939 0.992221353
bone 77 -0.155456052 0.508220352 0.847080569 0.321070893
scenario keeper_holding
palette 0 0.74 0.55 0.4 1
palette 1 0.7 0.15 0.16 1
palette 2 0.66 0.69 0.74 1
palette 3 0.44 0.47 0.53 1
palette 4 0.78 0.56 0.22 1
palette 5 0.3 0.2 0.13 1
palette 6 0.94 0.78 0.32 1
palette 7 0.34 0.3 0.28 1
palette 8 0.74 0.55 0.4 1
palette 9 0 0 0 1
palette 10 0.12 0.11 0.13 1
palette 11 0.97 0.97 0.98 1
model 1 0 0 0 0 1 0 0 -0 0 1 0 0 0 0 1
bone 0 1 0 0 0.0124275595
bone 1 0 1 0 0.00994204763
bone 2 0 0 1 0
bone 3 0.999696254 -0.0246454762 0 0.0124275595
bone 4 0.0246454762 0.999696254 0 0.809942048
bone 5 0 0 1 0
bone 6 0.999696254 -0.0244617725 0.003003528 0.0102094667
bone 7 0.0246454762 0.99224467 -0.121832326 0.89991471
bone 8 0 0.121869343 0.992546152 0
bone 9 0.999696254 -0.024150711 0.00491351768 0.0055617299
bone 10 0.0246454762 0.979627057 -0.199307377 1.0884412
bone 11 0 0.199367934 0.979924705 0.0231551752
bone 12 0.999696254 -0.024150711 0.00491351768 0.0031466588
bone 13 0.0246454762 0.979627057 -0.199307377 1.1864039
bone 14 0 0.199367934 0.979924705 0.0430919687
bone 15 0.999696254 -0.0235685861 0.00720563989 0.00193912325
bone 16 0.0246454762 0.956014282 -0.292282898 1.23538526
bone 17 0 0.292371705 0.956304756 0.0530603654
bone 18 0.999696254 -0.024150711 0.00491351768 -0.0830350584
bone 19 0.0246454762 0.979627057 -0.199307377 1.23329039
bone 20 0 0.199367934 0.979924705 0.0530603654
bone 21 0.995429244 0.0929897465 -0.0217606639 -0.237350399
bone 22 -0.0245477696 0.469334083 0.882679401 1.20360819
bone 23 0.092293155 -0.878110714 0.469471563 0.0477970519
bone 24 0.995429244 0.0665457896 0.0685001996 -0.259667938
bone 25 -0.0245477696 -0.514878997 0.856911329 1.09096801
bone 26 0.092293155 -0.854676124 -0.51089206 0.258543623
bone 27 0.995429244 0.0665457896 0.0685001996 -0.273642554
bone 28 -0.0245477696 -0.514878997 0.856911329 1.1990926
bone 29 0.092293155 -0.854676124 -0.51089206 0.438025609
bone 30 0.995429244 -0.0152210192 -0.0942811754 -0.277297891
bone 31 -0.0245477696 0.913268329 -0.406618207 1.23541881
bone 32 0.092293155 0.407074047 0.908720361 0.487112211
bone 33 0.999696254 -0.024150711 0.00491351768 0.0869133048
bone 34 0.0246454762 0.979627057 -0.199307377 1.23748012
bone 35 0 0.199367934 0.979924705 0.0530603654
bone 36 0.982499451 -0.184990003 -0.0217606639 0.242503803
bone 37 0.105769175 0.457919159 0.882679401 1.21543802
bone 38 -0.15332224 -0.869533635 0.469471563 0.0477970519
bone 39 0.982499451 -0.0766243657 -0.169774952 0.286901404
bone 40 0.105769175 -0.520758117 0.847126829 1.10553742
bone 41 -0.15332224 -0.850258602 -0.503540069 0.256485124
bone 42 0.982499451 -0.0766243657 -0.169774952 0.302992521
bone 43 0.105769175 -0.520758117 0.847126829 1.21489662
bone 44 -0.15332224 -0.850258602 -0.503540069 0.435039431
bone 45 0.982499451 -0.0346119063 0.18302143 0.30667425
bone 46 0.105769175 0.912472064 -0.395231089 1.25152413
bone 47 -0.15332224 0.407672353 0.900164175 0.483899647
bone 48 0.999947381 0.0102584333 0 -0.0915547281
bone 49 -0.0102584333 0.999947381 0 0.767366422
bone 50 0 0 1 0
bone 51 0.999947381 0.0102584333 0 -0.0952477641
bone 52 -0.0102584333 0.999947381 0 0.407385365
bone 53 0 0 1 0
bone 54 0.999947381 0.0102584333 0 -0.0983252941
bone 55 -0.0102584333 0.999947381 0 0.107401151
bone 56 0 0 1 0
bone 57 0.999947381 0.0102584333 0 -0.0987438382
bone 58 -0.0102584333 0.999947381 0 0.0666032979
bone 59 0 0 1 0.096
bone 60 0.998227151 -0.059519359 0 0.118381485
bone 61 0.059519359 0.998227151 0 0.772541972
bone 62 0 0 1 0
bone 63 0.998227151 -0.059519359 0 0.139808454
bone 64 0.059519359 0.998227151 0 0.413180198
bone 65 0 0 1 0
bone 66 0.998227151 -0.059519359 0 0.157664262
bone 67 0.059519359 0.998227151 0 0.113712053
bone 68 0 0 1 0
bone 69 0.998227151 -0.059519359 0 0.160092652
bone 70 0.059519359 0.998227151 0 0.0729843847
bone 71 0 0 1 0.096
bone 72 0.982499451 -0.185743346 0.0139368975 0.377378718
bone 73 0.105769175 0.617929064 0.779087 1.2130304
bone 74 -0.15332224 -0.763978456 0.626760887 0.355383728
bone 75 0.999696254 -0.024150711 0.00491351768 0.00531964508
bone 76 0.0246454762 0.979627057 -0.199307377 1.0982609
bone 77 0 0.199367934 0.979924705 0.298899146
scenario keeper_throw
palette 0 0.74 0.55 0.4 1
palette 1 0.7 0.15 0.16 1
palette 2 0.66 0.69 0.74 1
palette 3 0.44 0.47 0.53 1
palette 4 0.78 0.56 0.22 1
palette 5 0.3 0.2 0.13 1
palette 6 0.94 0.78 0.32 1
palette 7 0.34 0.3 0.28 1
palette 8 0.74 0.55 0.4 1
palette 9 0 0 0 1
palette 10 0.12 0.11 0.13 1
palette 11 0.97 0.97 0.98 1
model 1 0 0 0 0 1 0 0 -0 0 1 0 0 0 0 1
bone 0 1 0 0 0.0124275595
bone 1 0 1 0 0.00994204763
bone 2 0 0 1 0
bone 3 0.999696254 -0.0246454762 0 0.0124275595
bone 4 0.0246454762 0.999696254 0 0.809942048
bone 5 0 0 1 0
bone 6 0.998921761 -0.0130305643 0.0445591713 0.0102094667
bone 7 0.0185111355 0.991998222 -0.124887409 0.89991471
bone 8 -0.0425752653 0.125577592 0.991169822 0
bone 9 0.989711076 0.0108802895 0.142666065 0.00773365946
bone 10 0.0199496123 0.976871244 -0.212895717 1.08839437
bone 11 -0.141682744 0.213551382 0.966603232 0.0238597425
bone 12 0.989711076 0.0108802895 0.142666065 0.00882168841
bone 13 0.0199496123 0.976871244 -0.212895717 1.1860815
bone 14 -0.141682744 0.213551382 0.966603232 0.0452148806
bone 15 0.986539438 0.0264770108 0.161365751 0.00936570289
bone 16 0.0246484919 0.951452176 -0.306808097 1.23492506
bone 17 -0.161655156 0.30665571 0.937992477 0.0558924497
bone 18 0.989711076 0.0108802895 0.142666065 -0.0747597385
bone 19 0.0199496123 0.976871244 -0.212895717 1.23322934
bone 20 -0.141682744 0.213551382 0.966603232 0.0679354829
bone 21 0.990975803 -0.132930963 -0.0172138589 -0.228452195
bone 22 0.0117004437 -0.0421461447 0.999042943 1.20434775
bone 23 -0.133529239 -0.990228792 -0.0402104584 0.0842585517
bone 24 0.990975803 -0.118692555 -0.0622819017 -0.196548764
bone 25 0.0117004437 -0.386277508 0.922308401 1.21446283
bone 26 -0.133529239 -0.914714034 -0.381402908 0.321913462
bone 27 0.990975803 -0.118692555 -0.0622819017 -0.171623327
bone 28 0.0117004437 -0.386277508 0.922308401 1.2955811
bone 29 -0.133529239 -0.914714034 -0.381402908 0.514003409
bone 30 0.990975803 0.0615038182 0.1190976 -0.164756185
bone 31 0.0117004437 0.845434376 -0.533951136 1.32445479
bone 32 -0.133529239 0.53052615 0.837085388 0.567497357
bone 33 0.989711076 0.0108802895 0.142666065 0.0934911443
bone 34 0.0199496123 0.976871244 -0.212895717 1.23662078
bone 35 -0.141682744 0.213551382 0.966603232 0.0438494165
bone 36 0.892421853 -0.435001025 0.119822134 0.246609121
bone 37 0.355366361 0.841269464 0.407406968 1.21392357
bone 38 -0.278025151 -0.320998126 0.905351986 0.0162508347
bone 39 0.892421853 -0.433241052 -0.126037401 0.351009367
bone 40 0.355366361 0.50276769 0.78799708 1.01201889
bone 41 -0.278025151 -0.748015267 0.60264017 0.0932903849
bone 42 0.892421853 -0.433241052 -0.126037401 0.441989988
bone 43 0.355366361 0.50276769 0.78799708 0.906437679
bone 44 -0.278025151 -0.748015267 0.60264017 0.250373591
bone 45 0.892421853 0.28259821 0.351740653 0.467643351
bone 46 0.355366361 0.0401333758 -0.933865119 0.88038951
bone 47 -0.278025151 0.958398437 -0.0646099961 0.299423034
bone 48 0.999947381 0.0102584333 0 -0.0915547281
bone 49 -0.0102584333 0.999947381 0 0.767366422
bone 50 0 0 1 0
bone 51 0.999947381 0.0102584333 0 -0.0952477641
bone 52 -0.0102584333 0.999947381 0 0.407385365
bone 53 0 0 1 0
bone 54 0.999947381 0.0102584333 0 -0.0983252941
bone 55 -0.0102584333 0.999947381 0 0.107401151
bone 56 0 0 1 0
bone 57 0.999947381 0.0102584333 0 -0.0987438382
bone 58 -0.0102584333 0.999947381 0 0.0666032979
bone 59 0 0 1 0.096
bone 60 0.998227151 -0.059519359 0 0.118381485
bone 61 0.059519359 0.998227151 0 0.772541972
bone 62 0 0 1 0
bone 63 0.998227151 -0.059519359 0 0.139808454
bone 64 0.059519359 0.998227151 0 0.413180198
bone 65 0 0 1 0
bone 66 0.998227151 -0.059519359 0 0.157664262
bone 67 0.059519359 0.998227151 0 0.113712053
bone 68 0 0 1 0
bone 69 0.998227151 -0.059519359 0 0.160092652
bone 70 0.059519359 0.998227151 0 0.0729843847
bone 71 0 0 1 0.096
bone 72 0.892421853 -0.266613582 0.36400609 0.487376533
bone 73 0.355366361 0.912431719 -0.202936214 0.988762845
bone 74 -0.278025151 0.310460232 0.909019505 0.195197069
bone 75 0.989711076 0.0108802895 0.142666065 0.0467066982
bone 76 0.0199496123 0.976871244 -0.212895717 1.09439098
bone 77 -0.141682744 0.213551382 0.966603232 0.296946479
scenario keeper_dive
palette 0 0.74 0.55 0.4 1
palette 1 0.7 0.15 0.16 1
palette 2 0.66 0.69 0.74 1
palette 3 0.44 0.47 0.53 1
palette 4 0.78 0.56 0.22 1
palette 5 0.3 0.2 0.13 1
palette 6 0.94 0.78 0.32 1
palette 7 0.34 0.3 0.28 1
palette 8 0.74 0.55 0.4 1
palette 9 0 0 0 1
palette 10 0.12 0.11 0.13 1
palette 11 0.97 0.97 0.98 1
model 6.123234e-17 0 1 0 0 1 0 0 -1 0 6.123234e-17 0 0 0 0 1
bone 0 0.438998517 0.898487786 0 0.228506667
bone 1 -0.898487786 0.438998517 -0 0
bone 2 -0 0 1 0
bone 3 0.460262377 0.887771705 -0.00446582688 0.947296896
bone 4 -0.887723359 0.460283943 0.00926987719 0.351198813
bone 5 0.0102850831 -0.000302156867 0.999947061 0
bone 6 0.460262377 0.887692427 0.0126767581 1.02719635
bone 7 -0.887723359 0.460019142 0.0181556517 0.392624368
bone 8 0.0102850831 -0.0196098177 0.999754806 -2.7194118e-05
bone 9 0.459769876 0.887285094 0.0365625922 1.19585791
bone 10 -0.888038097 0.459379633 0.0189391523 0.480028005
bone 11 8.31737018e-06 -0.0411766265 0.999151883 -0.00375305948
bone 12 0.459769876 0.887285094 0.0365625922 1.28458642
bone 13 -0.888038097 0.459379633 0.0189391523 0.525965968
bone 14 8.31737018e-06 -0.0411766265 0.999151883 -0.00787072213
bone 15 0.458455323 0.885546102 0.0750121246 1.32895067
bone 16 -0.888015325 0.459812905 -0.000935498788 0.54893495
bone 17 -0.0353199702 -0.0661830317 0.997182183 -0.00992955345
bone 18 0.459769876 0.887285094 0.0365625922 1.28987024
bone 19 -0.888038097 0.459379633 0.0189391523 0.624418188
bone 20 8.31737018e-06 -0.0411766265 0.999151883 -0.00993026043
bone 21 0.444579922 0.874244206 0.195053225 1.19518158
bone 22 -0.895730949 0.432973449 0.100995342 0.749936471
bone 23 0.00384172514 -0.219615711 0.975578895 -0.00884448668
bone 24 0.444579922 0.28865489 0.847954625 0.985362968
bone 25 -0.895730949 0.139205929 0.422241371 0.646022843
bone 26 0.00384172514 -0.947259238 0.32044528 0.043863284
bone 27 0.558265776 0.28865489 0.777828823 0.924745441
bone 28 -0.828249116 0.139205929 0.542793801 0.616789598
bone 29 0.048401701 -0.947259238 0.316792064 0.242787724
bone 30 0.558265776 0.209692041 -0.802725714 0.911677766
bone 31 -0.828249116 0.197302913 -0.524475893 0.611460161
bone 32 0.048401701 0.957653804 0.283824711 0.302313206
bone 33 0.459769876 0.887285094 0.0365625922 1.36803111
bone 34 -0.888038097 0.459379633 0.0189391523 0.473451712
bone 35 8.31737018e-06 -0.0411766265 0.999151883 -0.00992884648
bone 36 0.777225486 0.594921182 0.204912982 1.41587112
bone 37 -0.622004948 0.775610443 0.107416412 0.323678184
bone 38 -0.09502835 -0.210943661 0.972868123 -0.00884049434
bone 39 0.777225486 0.474322873 0.41344692 1.27309003
bone 40 -0.622004948 0.678406137 0.390992272 0.137531678
bone 41 -0.09502835 -0.561055189 0.822305714 0.0417859844
bone 42 0.777225486 0.474322873 0.41344692 1.17348223
bone 43 -0.622004948 0.678406137 0.390992272 -0.0049336106
bone 44 -0.09502835 -0.561055189 0.822305714 0.159607574
bone 45 0.777225486 -0.15139914 -0.610736313 1.14699396
bone 46 -0.622004948 -0.33145382 -0.709399894 -0.0439807892
bone 47 -0.09502835 0.931244686 -0.351785371 0.198545208
bone 48 0.422746585 0.905567735 0.0351055892 0.863458478
bone 49 -0.90615762 0.421840298 0.0304816325 0.425998408
bone 50 0.0127942307 -0.0446972033 0.998918649 -0.00106784745
bone 51 0.422746585 0.906209528 0.00834367601 0.537454093
bone 52 -0.90615762 0.422556557 0.0180089761 0.274135901
bone 53 0.0127942307 -0.0151739187 0.999803011 0.0150231457
bone 54 0.422746585 0.906244446 -0.00251566072 0.265591235
bone 55 -0.90615762 0.422742014 0.0129443609 0.147368934
bone 56 0.0127942307 -0.00319259925 0.999913054 0.0195753213
bone 57 0.422746585 0.905664579 0.0325114542 0.228374958
bone 58 -0.90615762 0.421925882 0.0292731495 0.131363718
bone 59 0.0127942307 -0.0418356259 0.999042586 0.115697233
bone 60 0.496991444 0.867160317 -0.0321323791 0.960113577
bone 61 -0.867672595 0.497114848 -0.00459308622 0.239576503
bone 62 0.0119905406 0.0301631093 0.999473068 0.00109202
bone 63 0.496991444 0.850618985 -0.171600836 0.647935863
bone 64 -0.867672595 0.489862854 -0.0847269294 0.0606151575
bone 65 0.0119905406 0.191001901 0.981516429 -0.00976669933
bone 66 0.496991444 0.858871686 -0.123850438 0.392750168
bone 67 -0.867672595 0.493828627 -0.0572499383 -0.0863436988
bone 68 0.0119905406 0.13591436 0.990648027 -0.0670672698
bone 69 0.496991444 0.865963168 -0.055743128 0.345818561
bone 70 -0.867672595 0.496805239 -0.0181334934 -0.111987901
bone 71 0.0119905406 0.0573789756 0.998280462 0.0224896349
bone 72 0.777225486 0.550740996 -0.304310529 1.28021474
bone 73 -0.622004948 0.599441117 -0.503766008 -0.00499994521
bone 74 -0.09502835 0.580822436 0.808464539 0.137471903
bone 75 0.459769876 0.887285094 0.0365625922 1.26298444
bone 76 -0.888038097 0.459379633 0.0189391523 0.514784357
bone 77 8.31737018e-06 -0.0411766265 0.999151883 0.261609423
